9746	9746
9747	9747
9748	9748
9749	9749
9750	9750
9751	9751
9752	9752
9753	9753
9754	9754
9755	9755
9756	9756
9757	9757
9758	9758
9759	9759
9760	9760
9761	9761
9762	9762
9763	9763
9764	9764
9765	9765
9766	9766
9767	9767
9768	9768
9769	9769
9770	9770
9771	9771
9772	9772
9773	9773
9774	9774
9775	9775
9776	9776
9777	9777
9778	9778
9779	9779
9780	9780
9781	9781
9782	9782
9783	9783
9784	9784
9785	9785
9786	9786
9787	9787
9788	9788
9789	9789
9790	9790
9791	9791
9792	9792
9793	9793
9794	9794
9795	9795
9796	9796
9797	9797
9798	9798
9799	9799
9800	9800
9801	9801
9802	9802
9803	9803
9804	9804
9805	9805
9806	9806
9807	9807
9808	9808
9809	9809
9810	9810
9811	9811
9812	9812
9813	9813
9814	9814
9815	9815
9816	9816
9817	9817
9818	9818
9819	9819
9820	9820
9821	9821
9822	9822
9823	9823
9824	9824
9825	9825
9826	9826
9827	9827
9828	9828
9829	9829
9830	9830
9831	9831
9832	9832
9833	9833
9834	9834
9835	9835
