9746	0
9747	1
9748	2
9749	3
9750	4
9751	5
9752	6
9753	7
9754	8
9755	9
9756	10
9757	11
9758	12
9759	13
9760	14
9761	15
9762	16
9763	17
9764	18
9765	19
9766	20
9767	21
9768	22
9769	23
9770	24
9771	25
9772	26
9773	27
9774	28
9775	29
9776	30
9777	31
9778	32
9779	33
9780	34
9781	35
9782	36
9783	37
9784	38
9785	39
9786	40
9787	41
9788	42
9789	43
9790	44
9791	45
9792	46
9793	47
9794	48
9795	49
9796	50
9797	51
9798	52
9799	53
9800	54
9801	55
9802	56
9803	57
9804	58
9805	59
9806	6040
9807	6041
9808	6042
9809	6043
9810	6044
9811	6045
9812	6046
9813	6047
9814	6048
9815	6049
9816	6050
9817	6051
9818	6052
9819	6053
9820	6054
9821	6055
9822	6056
9823	6057
9824	6058
9825	6059
9826	6060
9827	6061
9828	6062
9829	6063
9830	6064
9831	6065
9832	6066
9833	6067
9834	6068
9835	6069
