9805	4	9810
9804	2	9807
9803	4	9806
9804	4	9815
9804	3	9806
9804	3	9818
9804	3	9811
9803	4	9811
9803	3	9812
9802	3	9821
9802	3	9807
9802	4	9813
9803	4	9829
9803	4	9815
9803	4	9813
9803	4	9827
9803	4	9814
9803	3	9828
9803	4	9823
9803	4	9819
9801	4	9829
9803	3	9826
9803	4	9821
9803	3	9832
9803	4	9807
9801	4	9810
9801	4	9826
9803	3	9816
9800	3	9822
9800	4	9829
9799	4	9806
9799	4	9821
9798	4	9806
9797	3	9829
9796	3	9833
9798	4	9810
9798	4	9835
9795	3	9821
9794	4	9829
9794	2	9814
9794	4	9816
9794	2	9822
9794	3	9810
9794	2	9807
9793	2	9811
9793	3	9806
9793	4	9829
9798	3	9828
9798	2	9832
9793	2	9816
9793	3	9810
9793	3	9833
9793	2	9822
9792	3	9806
9792	4	9829
9792	3	9813
9798	4	9814
9798	4	9815
9798	2	9816
9798	4	9808
9798	4	9820
9798	4	9807
9798	0	9831
9798	4	9825
9798	2	9833
9790	0	9829
9790	3	9808
9790	1	9830
9790	2	9831
9790	2	9811
9790	4	9828
9790	2	9826
9790	2	9821
9790	2	9819
9790	0	9810
9793	2	9826
9789	4	9829
9789	3	9806
9789	4	9815
9789	4	9832
9789	4	9828
9789	4	9811
9789	3	9819
9789	3	9825
9789	4	9823
9788	4	9811
9793	3	9828
9793	3	9832
9787	2	9806
9787	4	9828
9787	3	9832
9786	4	9833
9785	4	9815
9785	3	9811
9785	4	9812
9789	4	9814
9789	4	9835
9787	3	9811
9787	3	9812
9787	2	9825
9787	3	9829
9787	4	9815
9784	1	9833
9784	4	9806
9784	3	9810
9783	3	9833
9783	2	9830
9783	2	9831
9783	3	9809
9783	3	9810
9782	3	9826
9782	4	9811
9782	4	9821
9782	2	9833
9793	3	9814
9793	2	9831
9793	3	9815
9793	2	9808
9793	2	9820
9793	2	9813
9793	3	9819
9781	4	9828
9781	3	9832
9781	4	9822
9781	4	9810
9793	3	9821
9793	3	9825
9781	4	9821
9781	3	9819
9781	3	9825
9781	2	9826
9793	2	9812
9780	1	9816
9780	4	9815
9780	2	9808
9780	2	9820
9780	2	9817
9779	3	9833
9779	4	9832
9779	3	9835
9779	4	9828
9779	4	9819
9780	2	9809
9779	4	9811
9779	4	9821
9779	4	9815
9780	4	9811
9779	3	9809
9779	4	9813
9778	2	9829
9778	3	9815
9778	3	9821
9778	4	9808
9778	4	9820
9778	4	9833
9778	2	9825
9776	4	9828
9776	4	9811
9776	4	9819
9776	3	9810
9775	4	9832
9775	1	9834
9775	4	9829
9775	2	9827
9775	2	9824
9777	3	9835
9773	2	9806
9773	4	9811
9773	2	9825
9773	4	9819
9773	3	9815
9773	3	9818
9773	3	9826
9773	2	9832
9772	4	9832
9770	2	9810
9769	2	9833
9769	3	9828
9769	3	9821
9769	3	9825
9770	4	9828
9769	3	9811
9769	3	9819
9769	4	9829
9767	2	9811
9767	3	9819
9769	4	9815
9767	2	9815
9774	4	9812
9769	4	9806
9771	2	9810
9771	4	9826
9766	0	9823
9766	2	9810
9771	3	9830
9771	2	9831
9771	2	9819
9771	0	9821
9771	1	9832
9771	2	9825
9771	2	9833
9764	2	9829
9764	3	9811
9763	3	9825
9763	4	9832
9767	3	9828
9767	3	9821
9767	2	9825
9767	2	9826
9763	4	9811
9763	4	9815
9763	4	9810
9763	4	9814
9763	4	9816
9763	3	9823
9763	3	9831
9763	4	9829
9763	3	9806
9763	3	9833
9762	4	9806
9762	4	9828
9762	4	9827
9762	3	9829
9762	3	9810
9762	4	9816
9762	4	9826
9762	2	9832
9761	4	9810
9760	3	9809
9760	3	9829
9760	2	9824
9760	1	9826
9760	3	9806
9758	3	9811
9758	4	9832
9758	4	9829
9758	3	9815
9758	4	9812
9781	4	9829
9781	3	9811
9756	4	9824
9757	4	9815
9757	3	9806
9757	4	9813
9755	3	9821
9755	3	9809
9754	4	9829
9755	4	9815
9754	3	9809
9755	3	9828
9754	3	9827
9754	3	9835
9755	4	9819
9754	3	9810
9754	4	9833
9755	3	9810
9755	4	9808
9755	4	9814
9755	4	9813
9755	3	9826
9755	2	9812
9755	3	9823
9755	3	9817
9753	3	9829
9755	3	9831
9753	3	9824
9753	4	9833
9752	3	9828
9751	2	9826
9751	3	9816
9751	4	9831
9751	4	9820
9751	4	9808
9751	4	9809
9750	3	9815
9750	4	9810
9750	2	9809
9750	0	9833
9750	1	9824
9771	2	9828
9771	1	9809
9771	1	9820
9771	2	9816
9749	3	9832
9748	4	9811
9748	2	9828
9747	4	9806
9748	4	9810
9747	3	9824
9764	3	9826
9747	2	9826
9746	4	9828
9746	3	9833
9746	2	9830
9746	3	9809
9746	4	9813
9746	4	9806
9746	2	9827
9746	3	9815
9746	4	9824
9746	3	9817
9746	4	9820
9746	3	9823
9746	3	9832
9746	2	9808
9746	4	9812
9746	3	9825
9746	2	9807
9746	3	9819
9746	3	9821
9746	2	9826
9746	2	9811
9746	3	9814
9746	3	9818
9789	3	9826
9770	1	9813
9768	1	9807
9768	3	9832
9768	3	9825
9768	3	9827
9768	2	9835
9768	2	9816
9768	2	9810
9764	3	9815
9764	4	9827
9764	2	9814
9764	2	9816
9764	4	9810
9764	3	9822
9764	2	9832
9764	4	9828
9778	4	9806
9778	3	9828
9778	2	9814
9778	2	9819
9778	2	9818
9794	3	9806
9746	3	9834
9746	4	9829
9746	4	9816
9746	2	9822
9746	2	9835
9746	4	9810
9746	4	9831
9756	0	9810
9756	4	9813
9756	2	9826
9756	4	9819
9756	3	9821
9756	4	9811
9778	3	9832
9778	2	9816
9778	2	9812
9778	3	9824
9773	4	9829
9755	4	9811
9755	2	9833
9755	4	9832
9755	4	9825
9755	4	9835
9755	4	9827
9755	4	9818
9755	4	9820
9755	3	9829
9755	4	9816
9764	3	9819
9764	4	9806
9781	4	9809
9767	2	9832
9781	3	9816
9804	3	9809
9804	4	9808
9804	3	9817
9804	3	9820
9804	3	9832
